566
8 18 1
17 18 7
13 18 7
8 18 2
13 18 4
8 18 1
8 12 2
17 18 20
16 17 4
13 18 5
8 18 1
14 16 9
8 13 4
8 18 3
8 13 8
13 18 1
12 17 1
8 18 2
8 18 3
16 17 2
14 17 2
11 17 3
8 10 3
12 18 1
8 15 2
8 13 1
8 18 1
8 18 2
11 12 7
10 15 5
16 17 13
13 18 2
13 18 4
10 11 3
8 13 2
14 18 4
17 18 4
15 18 2
8 13 1
8 17 4
8 13 6
13 18 1
8 12 4
13 18 1
8 18 2
10 15 1
8 13 1
8 10 3
16 18 25
8 18 2
17 18 3
8 18 1
8 18 3
8 10 3
8 18 4
8 9 82
8 16 2
13 18 5
8 18 1
8 13 10
8 18 2
12 18 1
8 18 1
9 14 1
13 18 5
8 13 2
8 15 2
8 18 2
8 17 3
8 16 1
10 15 7
14 17 2
8 13 7
8 11 4
8 12 1
8 16 2
9 14 2
8 13 3
8 13 1
15 17 2
8 9 4
10 15 1
17 18 13
17 18 6
8 18 4
8 13 1
8 13 1
14 18 1
8 11 5
8 13 3
8 9 1
8 18 3
17 18 14
8 17 2
8 18 3
15 16 1
11 16 1
8 13 2
13 18 4
8 18 3
8 13 4
16 18 6
11 13 4
11 17 4
8 17 2
8 13 1
8 18 2
8 9 1
12 17 1
13 18 4
8 18 2
8 9 4
14 15 1
8 18 3
14 18 1
8 18 4
8 18 2
8 13 4
8 18 1
8 18 3
8 17 4
10 15 2
8 13 1
8 18 5
15 17 1
8 13 3
8 16 1
8 13 2
8 18 2
8 13 6
9 14 7
8 18 5
8 13 4
17 18 2
8 16 4
8 13 1
8 15 2
8 18 4
8 11 3
8 18 3
11 16 2
13 17 6
8 14 3
14 18 2
8 16 2
8 13 3
8 13 3
9 14 2
8 14 1
8 13 2
16 17 2
8 17 4
8 11 3
8 13 3
12 17 1
11 16 2
17 18 5
16 17 4
8 9 2
8 13 2
8 13 1
8 18 4
8 18 2
8 9 2
14 15 2
8 15 3
13 18 4
17 18 4
17 18 4
8 18 1
11 16 1
8 16 3
10 11 23
11 16 4
8 18 6
8 13 2
8 13 8
8 18 2
8 17 4
8 18 3
13 18 2
8 18 3
16 17 4
15 16 2
15 18 2
13 18 3
8 12 2
11 14 2
8 18 8
8 13 9
8 13 3
14 17 1
13 18 2
14 15 8
13 17 5
8 14 4
8 13 2
8 16 4
13 18 4
10 11 3
13 18 1
8 16 2
17 18 9
8 18 2
8 18 3
8 13 2
13 18 1
8 13 4
8 13 4
8 18 4
15 17 1
8 16 1
13 18 1
8 18 2
16 17 6
8 18 7
8 15 2
13 18 5
13 18 4
8 18 2
8 14 1
13 17 4
8 13 2
12 13 2
8 13 1
9 14 4
8 18 3
8 15 1
8 13 2
13 18 1
8 10 4
8 10 3
8 13 4
13 18 4
9 14 8
8 18 2
8 18 3
9 18 4
14 16 1
17 18 5
9 13 5
8 9 5
8 17 5
8 15 2
17 18 1
8 18 2
9 18 3
14 17 1
8 13 2
15 17 10
8 18 1
8 13 8
15 16 19
13 16 7
13 18 4
8 13 2
8 15 2
8 18 8
16 18 27
8 13 1
8 16 3
8 18 1
8 18 3
8 13 2
8 11 1
8 18 6
8 12 1
12 16 2
8 17 4
12 17 2
17 18 54
9 16 1
8 16 2
8 13 3
9 14 1
8 18 3
8 18 1
8 14 1
8 13 2
13 18 4
8 9 3
15 16 4
8 14 3
8 10 2
8 18 4
13 16 6
9 10 37
13 18 8
8 13 2
8 18 3
8 13 1
8 18 4
16 17 1
8 15 1
11 16 2
12 15 4
9 12 3
8 18 3
9 18 2
8 18 2
15 17 14
8 18 1
13 18 4
8 18 2
17 18 7
14 16 6
10 15 2
8 15 1
8 18 3
8 18 3
8 18 2
13 18 2
13 18 4
8 13 7
8 11 2
8 18 1
8 18 2
8 12 2
15 18 2
11 16 1
8 18 2
13 18 4
13 18 4
8 16 1
16 18 16
8 18 2
8 18 2
8 18 1
14 15 3
8 13 1
15 18 1
8 10 6
16 17 7
16 17 3
8 13 1
8 18 4
8 18 5
8 18 3
8 13 1
8 14 4
8 18 1
8 18 2
17 18 1
13 18 8
8 18 2
12 17 2
13 18 4
8 18 5
8 18 1
8 13 2
13 18 4
8 13 4
8 15 4
16 17 7
8 13 3
8 9 6
12 17 3
13 18 4
13 17 7
17 18 9
13 18 3
8 18 2
8 11 1
8 13 3
16 18 6
14 17 2
15 16 3
8 18 1
16 18 4
8 18 3
8 17 1
11 16 5
8 13 2
8 13 2
11 18 5
13 18 2
8 14 1
8 13 1
14 17 1
12 17 2
8 13 5
8 16 2
13 18 2
11 12 3
8 13 1
10 17 4
13 18 6
13 18 6
8 18 2
12 17 2
8 14 1
8 11 4
8 16 2
15 16 2
8 13 2
8 13 3
9 14 6
8 18 3
13 18 5
8 13 3
8 18 7
11 16 7
8 18 4
16 18 12
8 15 2
8 18 4
8 13 2
13 18 7
8 17 2
17 18 3
8 11 3
9 15 1
8 13 3
8 18 2
8 18 7
13 18 7
8 13 2
8 17 4
17 18 2
8 15 3
14 17 6
8 13 2
13 18 4
8 15 7
13 18 1
16 18 1
8 15 2
13 18 7
17 18 1
13 18 4
8 14 1
8 13 3
13 18 1
12 17 2
15 17 1
8 10 7
12 17 1
8 13 3
10 11 4
17 18 5
13 18 4
12 14 1
8 13 1
9 17 2
14 16 1
17 18 4
8 13 2
8 17 6
8 13 4
13 18 2
13 18 1
8 13 3
16 18 9
8 18 6
8 15 1
8 18 4
8 13 3
8 13 1
8 13 3
13 18 9
13 18 4
8 18 2
8 10 2
9 11 3
8 13 3
8 18 3
8 18 3
8 18 4
14 15 1
13 18 4
8 13 8
8 13 3
8 18 3
8 16 6
13 18 9
13 18 3
10 17 1
8 14 1
10 13 3
8 18 4
8 18 2
8 16 2
8 13 2
9 14 2
12 18 5
12 17 2
8 18 3
8 9 3
8 13 1
8 18 2
11 16 6
8 14 1
13 18 2
11 16 2
8 13 2
8 16 3
8 13 5
12 17 2
14 17 4
8 18 2
13 18 1
15 16 3
17 18 36
15 16 12
8 18 3
8 18 3
13 18 6
8 13 10
15 16 6
8 17 3
9 18 5
8 18 6
15 17 8
8 17 1
8 17 3
9 16 4
13 18 4
8 15 2
8 12 1
8 18 2
8 13 1
8 13 5
8 18 4
8 16 5
8 13 1
8 16 1
9 15 2
8 16 4
13 18 4
8 13 3
10 15 9
8 18 6
8 12 6
14 16 4
8 18 4
16 18 3
8 18 3
8 13 3
8 15 3
10 15 5
8 18 1
8 18 4
8 13 1
13 18 4
9 14 2
13 18 8
13 18 4
17 18 1
13 18 6
16 18 4
8 18 8
13 18 4
11 12 1
8 17 2
13 18 4
13 18 4
8 13 1
8 13 2
9 13 6
8 10 3
8 13 2
8 14 3
8 12 2
16 18 13
8 13 1
8 12 2
